Private:(0.6816976127320955, 0.25674325674325676, 0.3730043541364296)
Self-emp-inc:(0.9512195121951219, 0.3333333333333333, 0.49367088607594933)
Self-emp-not-inc:(0.72, 0.23529411764705882, 0.354679802955665)
?:(0.4, 0.24, 0.3)
Local-gov:(0.7222222222222222, 0.21311475409836064, 0.3291139240506329)
State-gov:(0.7083333333333334, 0.2125, 0.32692307692307687)
Federal-gov:(0.7777777777777778, 0.175, 0.2857142857142857)
Without-pay:(1.0, 1.0, 1.0)
