level,precision,recall,fbeta
Private:(0.7341040462427746, 0.264859228362878, 0.38927203065134103)
?:(0.5555555555555556, 0.2702702702702703, 0.36363636363636365)
State-gov:(0.875, 0.23333333333333334, 0.3684210526315789)
Federal-gov:(0.6470588235294118, 0.16176470588235295, 0.25882352941176473)
Local-gov:(0.72, 0.2647058823529412, 0.38709677419354843)
Self-emp-not-inc:(0.7619047619047619, 0.3076923076923077, 0.4383561643835617)
Self-emp-inc:(0.8775510204081632, 0.32575757575757575, 0.4751381215469612)
Without-pay:(1.0, 1.0, 1.0)
