level,precision,recall,fbeta
Private:(0.6834733893557423, 0.24015748031496062, 0.35542607428987616)
Self-emp-not-inc:(0.6666666666666666, 0.296875, 0.41081081081081083)
Self-emp-inc:(0.9333333333333333, 0.3387096774193548, 0.4970414201183432)
Local-gov:(0.5641025641025641, 0.2018348623853211, 0.2972972972972973)
State-gov:(0.6666666666666666, 0.24242424242424243, 0.3555555555555555)
?:(0.38461538461538464, 0.25, 0.30303030303030304)
Federal-gov:(0.72, 0.24324324324324326, 0.3636363636363637)
Never-worked:(1.0, 1.0, 1.0)
Without-pay:(1.0, 1.0, 1.0)
