level,precision,recall,fbeta
White:(0.6842105263157895, 0.25348189415041783, 0.3699186991869919)
Asian-Pac-Islander:(0.625, 0.20408163265306123, 0.3076923076923077)
Black:(0.6521739130434783, 0.24193548387096775, 0.35294117647058826)
Amer-Indian-Eskimo:(0.5, 0.16666666666666666, 0.25)
Other:(1.0, 0.0, 0.0)
