Self-emp-not-inc:(0.746031746031746, 0.29936305732484075, 0.42727272727272725)
Private:(0.6908077994428969, 0.2586027111574557, 0.3763277693474962)
Local-gov:(0.5918367346938775, 0.20863309352517986, 0.30851063829787234)
Federal-gov:(0.7916666666666666, 0.2602739726027397, 0.39175257731958757)
?:(0.7368421052631579, 0.34146341463414637, 0.46666666666666673)
Self-emp-inc:(0.9302325581395349, 0.33613445378151263, 0.49382716049382724)
State-gov:(0.75, 0.2054794520547945, 0.32258064516129037)
Never-worked:(1.0, 1.0, 1.0)
Without-pay:(1.0, 1.0, 1.0)
