level,precision,recall,fbeta
Female:(0.41025641025641024, 0.22325581395348837, 0.2891566265060241)
Male:(0.75, 0.2548435171385991, 0.3804226918798665)
