level,precision,recall,fbeta
United-States:(0.7446393762183235, 0.27034677990092004, 0.3966770508826583)
Mexico:(0.5, 0.1111111111111111, 0.1818181818181818)
Philippines:(0.75, 0.3333333333333333, 0.46153846153846156)
?:(0.8, 0.2857142857142857, 0.4210526315789473)
Italy:(1.0, 0.25, 0.4)
Hong:(1.0, 0.0, 0.0)
Jamaica:(1.0, 1.0, 1.0)
Germany:(1.0, 0.14285714285714285, 0.25)
Vietnam:(1.0, 0.0, 0.0)
Hungary:(1.0, 1.0, 1.0)
Japan:(1.0, 0.1111111111111111, 0.19999999999999998)
Cuba:(1.0, 0.25, 0.4)
Outlying-US(Guam-USVI-etc):(1.0, 1.0, 1.0)
Iran:(1.0, 0.25, 0.4)
Guatemala:(1.0, 1.0, 1.0)
India:(1.0, 0.625, 0.7692307692307693)
Columbia:(1.0, 1.0, 1.0)
El-Salvador:(0.5, 0.25, 0.3333333333333333)
England:(0.75, 0.42857142857142855, 0.5454545454545454)
China:(0.3333333333333333, 0.25, 0.28571428571428575)
Dominican-Republic:(1.0, 1.0, 1.0)
Poland:(1.0, 0.0, 0.0)
Peru:(1.0, 1.0, 1.0)
South:(0.5, 0.5, 0.5)
Portugal:(1.0, 1.0, 1.0)
Puerto-Rico:(1.0, 0.0, 0.0)
Canada:(0.0, 0.0, 0.0)
Trinadad&Tobago:(0.0, 1.0, 0.0)
Haiti:(1.0, 0.0, 0.0)
Thailand:(1.0, 0.0, 0.0)
Yugoslavia:(1.0, 1.0, 1.0)
Cambodia:(1.0, 1.0, 1.0)
Taiwan:(1.0, 0.3333333333333333, 0.5)
Scotland:(1.0, 0.3333333333333333, 0.5)
Laos:(1.0, 1.0, 1.0)
Ecuador:(1.0, 0.0, 0.0)
Ireland:(0.0, 0.0, 0.0)
France:(1.0, 0.0, 0.0)
Nicaragua:(1.0, 0.0, 0.0)
Greece:(1.0, 1.0, 1.0)
