level,precision,recall,fbeta
United-States:(0.6760828625235404, 0.2528169014084507, 0.3680164018452076)
Germany:(1.0, 0.09090909090909091, 0.16666666666666669)
El-Salvador:(0.0, 1.0, 0.0)
?:(0.8181818181818182, 0.28125, 0.41860465116279066)
Honduras:(1.0, 1.0, 1.0)
Mexico:(0.5, 0.2, 0.28571428571428575)
Nicaragua:(1.0, 1.0, 1.0)
Canada:(1.0, 0.2727272727272727, 0.42857142857142855)
Iran:(1.0, 0.25, 0.4)
Guatemala:(1.0, 1.0, 1.0)
South:(0.0, 0.0, 0.0)
Philippines:(0.6666666666666666, 0.2, 0.30769230769230765)
Jamaica:(1.0, 1.0, 1.0)
Haiti:(1.0, 1.0, 1.0)
Japan:(1.0, 0.2, 0.33333333333333337)
India:(0.75, 0.21428571428571427, 0.3333333333333333)
Cuba:(1.0, 0.0, 0.0)
England:(1.0, 0.25, 0.4)
Puerto-Rico:(1.0, 0.0, 0.0)
Poland:(0.5, 0.5, 0.5)
Dominican-Republic:(1.0, 1.0, 1.0)
China:(1.0, 1.0, 1.0)
Italy:(1.0, 0.25, 0.4)
Cambodia:(1.0, 0.0, 0.0)
Peru:(1.0, 1.0, 1.0)
Portugal:(0.0, 0.0, 0.0)
Columbia:(1.0, 1.0, 1.0)
France:(1.0, 0.0, 0.0)
Vietnam:(0.0, 0.0, 0.0)
Ecuador:(1.0, 1.0, 1.0)
Ireland:(1.0, 1.0, 1.0)
Outlying-US(Guam-USVI-etc):(1.0, 1.0, 1.0)
Scotland:(1.0, 1.0, 1.0)
Hong:(1.0, 0.0, 0.0)
Taiwan:(1.0, 0.6, 0.7499999999999999)
Yugoslavia:(1.0, 1.0, 1.0)
Greece:(1.0, 1.0, 1.0)
Hungary:(1.0, 0.0, 0.0)
Trinadad&Tobago:(1.0, 1.0, 1.0)
Thailand:(1.0, 1.0, 1.0)
Laos:(1.0, 0.0, 0.0)
