level,precision,recall,fbeta
Amer-Indian-Eskimo:(0.75, 0.5, 0.6)
White:(0.7525354969574036, 0.2663316582914573, 0.3934252386002121)
Black:(0.6923076923076923, 0.2967032967032967, 0.41538461538461535)
Asian-Pac-Islander:(0.6521739130434783, 0.2727272727272727, 0.38461538461538464)
Other:(1.0, 0.0, 0.0)
